GA -----------------------------------------------------
O melhor valor encontrado foi 0.021810 na posição [0.716588 0.000007 0.150679 4.378845 0.261055 0.200000 0.741699 0.163328 0.053454 0.054724 0.998527 0.700896 0.360415 0.287216 0.739627 0.851439 0.041939 0.103937 0.621747 0.173710 0.836835 -0.756846 -3.185194 0.059426 -0.307074 4.708885 -2.794281 0.405869 -0.028658 -1.079160 -1.339538 0.422369 -0.233832 3.787113 0.724812 4.913637 -0.113249 0.713946 -0.003575 3.881381 0.001249 3.932845 2.965113 -0.042546 -3.131578 3.000000 1.759297 -0.000468 0.060318 3.517773 -3.041832 -4.619423 0.620135 -0.183612 1.984992 4.528724 1.202966 -0.199979 -0.019702 -0.974745 0.051816 1.911318 1.736318 -0.024227 -4.066996 4.810896 2.280264 -0.236015 -0.395664 -4.116144 0.140529 0.178760 0.055990 0.032617 0.535995 0.132324 0.583274 0.882517 0.080177 0.930662 0.013571 0.600407 0.053502 0.584883 0.294760 0.047601 0.002104 0.677988 0.308658 0.435532 0.466712 0.417778 0.476741 0.966290 0.868911 ] 

Com um numero de iterações de 200 e tempo de 26243.183109 

Com um numero de simulações de 4213 
-----------------------------------------------------


GA -----------------------------------------------------
O melhor valor encontrado foi 0.021380 na posição [0.848827 0.000000 0.020022 4.332067 0.378827 0.006257 0.445483 0.094126 0.005978 0.213982 0.343840 0.674761 0.002720 0.131789 0.946377 0.452003 0.010495 0.019425 0.981735 0.037708 -0.831503 2.969077 0.125412 4.016814 1.593168 4.824549 2.311385 0.024411 0.014166 1.738803 -2.956207 -1.359015 -0.126030 4.000000 0.095186 4.969395 2.209530 -0.403199 1.340647 1.152638 2.659540 -2.928730 0.790194 0.451658 -2.856322 3.000000 0.001668 -0.734693 0.139385 -0.832928 1.019600 1.041416 4.074095 -4.353732 -0.016171 -1.224852 -2.478371 0.471674 -0.004564 -0.725213 -2.605771 0.024357 2.187850 -0.001291 0.005350 4.278150 2.455937 0.096029 0.588234 3.626363 0.069263 0.983604 0.881898 0.071254 0.010311 0.665169 0.016462 0.620029 0.259731 0.033714 0.951099 0.110547 0.816471 0.404066 0.643417 0.081870 0.008610 0.312894 0.578042 0.664100 0.773248 0.946388 0.821500 0.663223 0.770756 ] 

Com um numero de iterações de 200 e tempo de 26459.325037 

Com um numero de simulações de 4241 
-----------------------------------------------------


GA -----------------------------------------------------
O melhor valor encontrado foi 0.021115 na posição [0.585353 0.012459 0.026585 4.426736 0.400236 0.203460 0.548306 0.074746 0.031630 0.003021 0.184652 0.318236 0.171571 0.053403 0.139217 0.990130 0.000419 0.018371 0.998746 0.647705 -0.086042 2.233465 -2.984695 0.208035 0.758987 4.000000 4.975501 0.021251 -2.426154 2.595914 -0.532232 -0.138317 0.000232 0.935224 0.676159 4.000000 0.818502 -0.383510 1.145543 -2.566143 -2.124316 0.279300 -1.247042 -0.028353 -1.556879 -2.693151 4.410178 -3.815479 1.993003 1.889298 -0.043888 -1.436230 0.656952 -0.758241 1.362619 4.869120 0.060436 3.850196 2.512786 3.181837 3.640306 -0.029223 0.133493 4.454361 0.764666 0.000489 -0.422939 0.551859 -0.859923 0.000092 0.006731 0.154262 0.842046 0.380559 0.302043 0.019310 0.001457 0.767010 0.005352 0.002888 0.064437 0.115625 0.156572 0.000935 0.202801 0.008130 0.083692 0.084950 0.610135 0.437014 0.506680 0.337456 0.281551 0.862969 0.282274 ] 

Com um numero de iterações de 200 e tempo de 26420.656261 

Com um numero de simulações de 4232 
-----------------------------------------------------


GA -----------------------------------------------------
O melhor valor encontrado foi 0.020406 na posição [0.534949 0.020407 0.008984 4.933423 0.323034 0.029933 0.204918 0.055459 0.028609 0.064379 0.763060 0.574601 0.003254 0.507917 0.192626 0.060184 0.027134 0.013456 0.973203 0.209868 0.008347 -1.117584 -0.224847 5.000000 1.325710 3.995898 -0.093193 -2.553487 0.365096 3.742516 4.793583 -0.104854 3.564094 -4.609396 0.000428 4.905426 0.122266 3.960777 1.932810 0.262967 3.889068 0.014264 2.194682 2.644471 3.000000 3.229840 3.656865 1.464179 0.020923 -2.312845 -3.215513 -4.376466 -0.032359 -1.764441 0.829204 4.794898 -0.222280 0.863180 -0.981651 -0.263555 -1.053424 -0.020812 -0.022340 3.894942 -0.020870 4.404696 0.063898 -1.632903 1.304441 -0.181760 0.000972 0.006450 1.000000 0.793327 0.410619 0.077699 0.881687 0.953958 1.000000 1.000000 0.622091 0.128199 0.333363 0.714062 0.176240 0.052287 1.000000 1.000000 1.000000 1.000000 1.000000 1.000000 1.000000 1.000000 1.000000 ] 

Com um numero de iterações de 200 e tempo de 24424.553682 

Com um numero de simulações de 3902 
-----------------------------------------------------


GA -----------------------------------------------------
O melhor valor encontrado foi 0.022329 na posição [0.349472 0.014977 0.013174 4.919472 0.219555 0.168553 0.563038 0.047688 0.009634 0.200000 0.500000 0.736907 0.197033 0.352910 0.096716 0.194184 0.011719 0.064609 0.841002 0.085568 -0.023085 2.458460 0.635173 -0.060797 0.980930 4.970658 -0.337213 4.097628 -0.902638 -0.554910 1.440862 0.000381 -0.161174 4.000000 0.573965 4.456114 -0.006486 4.377276 2.586864 -0.016893 0.006855 -1.617989 4.979750 -1.890805 3.000000 3.000000 -1.145961 1.311938 3.275427 -0.486364 0.049968 0.968316 1.131011 0.100770 0.715969 3.773803 0.001023 1.121297 -1.288155 -0.460362 -0.090412 1.546720 0.448801 4.139718 0.634628 0.000134 -0.081914 3.637549 -3.492941 0.803229 0.059320 0.739360 0.905163 0.176875 0.935491 0.137042 0.072189 0.824864 0.000064 0.815748 0.851638 0.326035 0.238869 0.240795 0.258669 0.088237 0.753801 0.646995 0.365524 0.474716 0.588508 0.241200 0.271149 0.664465 0.577115 ] 

Com um numero de iterações de 200 e tempo de 25860.633497 

Com um numero de simulações de 4127 
-----------------------------------------------------


GA -----------------------------------------------------
O melhor valor encontrado foi 0.021810 na posição [0.716588 0.000007 0.150679 4.378845 0.261055 0.200000 0.741699 0.163328 0.053454 0.054724 0.998527 0.700896 0.360415 0.287216 0.739627 0.851439 0.041939 0.103937 0.621747 0.173710 0.836835 -0.756846 -3.185194 0.059426 -0.307074 4.708885 -2.794281 0.405869 -0.028658 -1.079160 -1.339538 0.422369 -0.233832 3.787113 0.724812 4.913637 -0.113249 0.713946 -0.003575 3.881381 0.001249 3.932845 2.965113 -0.042546 -3.131578 3.000000 1.759297 -0.000468 0.060318 3.517773 -3.041832 -4.619423 0.620135 -0.183612 1.984992 4.528724 1.202966 -0.199979 -0.019702 -0.974745 0.051816 1.911318 1.736318 -0.024227 -4.066996 4.810896 2.280264 -0.236015 -0.395664 -4.116144 0.140529 0.178760 0.055990 0.032617 0.535995 0.132324 0.583274 0.882517 0.080177 0.930662 0.013571 0.600407 0.053502 0.584883 0.294760 0.047601 0.002104 0.677988 0.308658 0.435532 0.466712 0.417778 0.476741 0.966290 0.868911 ] 

Com um numero de iterações de 200 e tempo de 26084.566115 

Com um numero de simulações de 4213 
-----------------------------------------------------


GA -----------------------------------------------------
O melhor valor encontrado foi 0.021380 na posição [0.848827 0.000000 0.020022 4.332067 0.378827 0.006257 0.445483 0.094126 0.005978 0.213982 0.343840 0.674761 0.002720 0.131789 0.946377 0.452003 0.010495 0.019425 0.981735 0.037708 -0.831503 2.969077 0.125412 4.016814 1.593168 4.824549 2.311385 0.024411 0.014166 1.738803 -2.956207 -1.359015 -0.126030 4.000000 0.095186 4.969395 2.209530 -0.403199 1.340647 1.152638 2.659540 -2.928730 0.790194 0.451658 -2.856322 3.000000 0.001668 -0.734693 0.139385 -0.832928 1.019600 1.041416 4.074095 -4.353732 -0.016171 -1.224852 -2.478371 0.471674 -0.004564 -0.725213 -2.605771 0.024357 2.187850 -0.001291 0.005350 4.278150 2.455937 0.096029 0.588234 3.626363 0.069263 0.983604 0.881898 0.071254 0.010311 0.665169 0.016462 0.620029 0.259731 0.033714 0.951099 0.110547 0.816471 0.404066 0.643417 0.081870 0.008610 0.312894 0.578042 0.664100 0.773248 0.946388 0.821500 0.663223 0.770756 ] 

Com um numero de iterações de 200 e tempo de 26427.372832 

Com um numero de simulações de 4241 
-----------------------------------------------------


GA -----------------------------------------------------
O melhor valor encontrado foi 0.021115 na posição [0.585353 0.012459 0.026585 4.426736 0.400236 0.203460 0.548306 0.074746 0.031630 0.003021 0.184652 0.318236 0.171571 0.053403 0.139217 0.990130 0.000419 0.018371 0.998746 0.647705 -0.086042 2.233465 -2.984695 0.208035 0.758987 4.000000 4.975501 0.021251 -2.426154 2.595914 -0.532232 -0.138317 0.000232 0.935224 0.676159 4.000000 0.818502 -0.383510 1.145543 -2.566143 -2.124316 0.279300 -1.247042 -0.028353 -1.556879 -2.693151 4.410178 -3.815479 1.993003 1.889298 -0.043888 -1.436230 0.656952 -0.758241 1.362619 4.869120 0.060436 3.850196 2.512786 3.181837 3.640306 -0.029223 0.133493 4.454361 0.764666 0.000489 -0.422939 0.551859 -0.859923 0.000092 0.006731 0.154262 0.842046 0.380559 0.302043 0.019310 0.001457 0.767010 0.005352 0.002888 0.064437 0.115625 0.156572 0.000935 0.202801 0.008130 0.083692 0.084950 0.610135 0.437014 0.506680 0.337456 0.281551 0.862969 0.282274 ] 

Com um numero de iterações de 200 e tempo de 26366.719733 

Com um numero de simulações de 4232 
-----------------------------------------------------


GA -----------------------------------------------------
O melhor valor encontrado foi 0.021810 na posição [0.716588 0.000007 0.150679 4.378845 0.261055 0.200000 0.741699 0.163328 0.053454 0.054724 0.998527 0.700896 0.360415 0.287216 0.739627 0.851439 0.041939 0.103937 0.621747 0.173710 0.836835 -0.756846 -3.185194 0.059426 -0.307074 4.708885 -2.794281 0.405869 -0.028658 -1.079160 -1.339538 0.422369 -0.233832 3.787113 0.724812 4.913637 -0.113249 0.713946 -0.003575 3.881381 0.001249 3.932845 2.965113 -0.042546 -3.131578 3.000000 1.759297 -0.000468 0.060318 3.517773 -3.041832 -4.619423 0.620135 -0.183612 1.984992 4.528724 1.202966 -0.199979 -0.019702 -0.974745 0.051816 1.911318 1.736318 -0.024227 -4.066996 4.810896 2.280264 -0.236015 -0.395664 -4.116144 0.140529 0.178760 0.055990 0.032617 0.535995 0.132324 0.583274 0.882517 0.080177 0.930662 0.013571 0.600407 0.053502 0.584883 0.294760 0.047601 0.002104 0.677988 0.308658 0.435532 0.466712 0.417778 0.476741 0.966290 0.868911 ] 

Com um numero de iterações de 200 e tempo de 26350.887123 

Com um numero de simulações de 4213 
-----------------------------------------------------


GA -----------------------------------------------------
O melhor valor encontrado foi 0.026631 na posição [0.712567 0.008301 0.002602 3.651820 0.399820 0.017920 0.500000 0.104056 0.035426 0.027294 0.500000 0.833627 0.037840 0.000387 0.003641 0.086080 0.569875 0.024466 0.978752 0.296677 -0.001660 1.803847 -3.023126 -0.052024 0.596881 3.694937 0.830288 0.561732 2.021843 4.350049 -3.457899 3.679010 -0.158436 3.759117 -0.005779 4.000000 0.522700 1.016374 -0.005822 2.655851 -0.289555 4.842068 4.918129 2.324386 -0.605070 3.000000 -0.607301 3.811585 0.680351 -0.142912 -0.397658 1.045856 0.064664 4.337540 1.333259 -0.067579 1.839642 3.756041 0.313827 -0.699446 -0.140043 3.976465 -0.053339 -1.007294 0.579001 0.009099 -0.112320 -1.380625 0.534737 4.212869 0.002025 0.012296 0.802578 0.125920 0.009792 0.108107 0.605182 0.909187 0.833599 0.046464 0.874278 0.286144 0.343132 0.054882 0.349031 0.009223 0.284478 0.710456 0.054540 0.245542 0.078739 0.329410 0.070955 0.704824 0.253716 ] 

Com um numero de iterações de 200 e tempo de 26115.164129 

Com um numero de simulações de 4214 
-----------------------------------------------------

